000
010
000

000000
011110
011110
011110
011110
000000


0000
0110
0110
0000

00000000
01111110
01111110
01100110
01100110
01111110
01111110
00000000


000
0r0
010
000

000000
011110
011110
011110
011110
011110
011110
000000


0000
0rr0
0110
0000

00000000
01100110
01100110
01100110
01100110
01111110
01111110
00000000

Cliff height:
00000000
0  00  0
0  00  0
0  00  0
0  11  0
0      0
0      0
00000000


0000
0rr0
01r0
0000

00000000
01100000
01100000
01100000
01100000
01111110
01111110
00000000

Cliff height:
00000000
0  00000
0  00000
0  00000
0  10000
0      0
0      0
00000000


0000
0110
0000

00000000
01111110
01111110
01111110
01111110
00000000


00000
01010
00000

0000000000
0111111110
0111111110
0111111110
0111111110
0000000000


000000
010010
000000

000000000000
011110011110
011110011110
011110011110
011110011110
000000000000